350  250
750  250
400  50
400  51
400  52
400  53
400  54
400  55
400  56
400  57
400  58
400  59
400  60
400  61
400  62
400  63
400  64
400  65
400  66
400  67
400  68
400  69
400  70
400  71
400  72
400  73
400  74
400  75
400  76
400  77
400  78
400  79
400  80
400  81
400  82
400  83
400  84
400  85
400  86
400  87
400  88
400  89
400  90
400  91
400  92
400  93
400  94
400  95
400  96
400  97
400  98
400  99
400  100
400  101
400  102
400  103
400  104
400  105
400  106
400  107
400  108
400  109
400  110
400  111
400  112
400  113
400  114
400  115
400  116
400  117
400  118
400  119
400  120
400  121
400  122
400  123
400  124
400  125
400  126
400  127
400  128
400  129
400  130
400  131
400  132
400  133
400  134
400  135
400  136
400  137
400  138
400  139
400  140
400  141
400  142
400  143
400  144
400  145
400  146
400  147
400  148
400  149
400  150
400  151
400  152
400  153
400  154
400  155
400  156
400  157
400  158
400  159
400  160
400  161
400  162
400  163
400  164
400  165
400  166
400  167
400  168
400  169
400  170
400  171
400  172
400  173
400  174
400  175
400  176
400  177
400  178
400  179
400  180
400  181
400  182
400  183
400  184
400  185
400  186
400  187
400  188
400  189
400  190
400  191
400  192
400  193
400  194
400  195
400  196
400  197
400  198
400  199
400  200
400  201
400  202
400  203
400  204
400  205
400  206
400  207
400  208
400  209
400  210
400  211
400  212
400  213
400  214
400  215
400  216
400  217
400  218
400  219
400  220
400  221
400  222
400  223
400  224
400  225
400  226
400  227
400  228
400  229
400  230
400  231
400  232
400  233
400  234
400  235
400  236
400  237
400  238
400  239
400  240
400  241
400  242
400  243
400  244
400  245
400  246
400  247
400  248
400  249
400  250
400  251
400  252
400  253
400  254
400  255
400  256
400  257
400  258
400  259
400  260
400  261
400  262
400  263
400  264
400  265
400  266
400  267
400  268
400  269
400  270
400  271
400  272
400  273
400  274
400  275
400  276
400  277
400  278
400  279
400  280
400  281
400  282
400  283
400  284
400  285
400  286
400  287
400  288
400  289
400  290
400  291
400  292
400  293
400  294
400  295
400  296
400  297
400  298
400  299
400  300
400  301
400  302
400  303
400  304
400  305
400  306
400  307
400  308
400  309
400  310
400  311
400  312
400  313
400  314
400  315
400  316
400  317
400  318
400  319
400  320
400  321
400  322
400  323
400  324
400  325
400  326
400  327
400  328
400  329
400  330
400  331
400  332
400  333
400  334
400  335
400  336
400  337
400  338
400  339
400  340
400  341
400  342
400  343
400  344
400  345
400  346
400  347
400  348
400  349
400  350
400  351
400  352
400  353
400  354
400  355
400  356
400  357
400  358
400  359
400  360
400  361
400  362
400  363
400  364
400  365
400  366
400  367
400  368
400  369
400  370
400  371
400  372
400  373
400  374
400  375
400  376
400  377
400  378
400  379
400  380
400  381
400  382
400  383
400  384
400  385
400  386
400  387
400  388
400  389
400  390
400  391
400  392
400  393
400  394
400  395
400  396
400  397
400  398
400  399
400  400
600  50
600  51
600  52
600  53
600  54
600  55
600  56
600  57
600  58
600  59
600  60
600  61
600  62
600  63
600  64
600  65
600  66
600  67
600  68
600  69
600  70
600  71
600  72
600  73
600  74
600  75
600  76
600  77
600  78
600  79
600  80
600  81
600  82
600  83
600  84
600  85
600  86
600  87
600  88
600  89
600  90
600  91
600  92
600  93
600  94
600  95
600  96
600  97
600  98
600  99
600  100
600  101
600  102
600  103
600  104
600  105
600  106
600  107
600  108
600  109
600  110
600  111
600  112
600  113
600  114
600  115
600  116
600  117
600  118
600  119
600  120
600  121
600  122
600  123
600  124
600  125
600  126
600  127
600  128
600  129
600  130
600  131
600  132
600  133
600  134
600  135
600  136
600  137
600  138
600  139
600  140
600  141
600  142
600  143
600  144
600  145
600  146
600  147
600  148
600  149
600  150
600  151
600  152
600  153
600  154
600  155
600  156
600  157
600  158
600  159
600  160
600  161
600  162
600  163
600  164
600  165
600  166
600  167
600  168
600  169
600  170
600  171
600  172
600  173
600  174
600  175
600  176
600  177
600  178
600  179
600  180
600  181
600  182
600  183
600  184
600  185
600  186
600  187
600  188
600  189
600  190
600  191
600  192
600  193
600  194
600  195
600  196
600  197
600  198
600  199
600  200
600  201
600  202
600  203
600  204
600  205
600  206
600  207
600  208
600  209
600  210
600  211
600  212
600  213
600  214
600  215
600  216
600  217
600  218
600  219
600  220
600  221
600  222
600  223
600  224
600  225
600  226
600  227
600  228
600  229
600  230
600  231
600  232
600  233
600  234
600  235
600  236
600  237
600  238
600  239
600  240
600  241
600  242
600  243
600  244
600  245
600  246
600  247
600  248
600  249
600  250
600  251
600  252
600  253
600  254
600  255
600  256
600  257
600  258
600  259
600  260
600  261
600  262
600  263
600  264
600  265
600  266
600  267
600  268
600  269
600  270
600  271
600  272
600  273
600  274
600  275
600  276
600  277
600  278
600  279
600  280
600  281
600  282
600  283
600  284
600  285
600  286
600  287
600  288
600  289
600  290
600  291
600  292
600  293
600  294
600  295
600  296
600  297
600  298
600  299
600  300
600  301
600  302
600  303
600  304
600  305
600  306
600  307
600  308
600  309
600  310
600  311
600  312
600  313
600  314
600  315
600  316
600  317
600  318
600  319
600  320
600  321
600  322
600  323
600  324
600  325
600  326
600  327
600  328
600  329
600  330
600  331
600  332
600  333
600  334
600  335
600  336
600  337
600  338
600  339
600  340
600  341
600  342
600  343
600  344
600  345
600  346
600  347
600  348
600  349
600  350
600  351
600  352
600  353
600  354
600  355
600  356
600  357
600  358
600  359
600  360
600  361
600  362
600  363
600  364
600  365
600  366
600  367
600  368
600  369
600  370
600  371
600  372
600  373
600  374
600  375
600  376
600  377
600  378
600  379
600  380
600  381
600  382
600  383
600  384
600  385
600  386
600  387
600  388
600  389
600  390
600  391
600  392
600  393
600  394
600  395
600  396
600  397
600  398
600  399
600  400
401  400
402  400
403  400
404  400
405  400
406  400
407  400
408  400
409  400
410  400
411  400
412  400
413  400
414  400
415  400
416  400
417  400
418  400
419  400
420  400
421  400
422  400
423  400
424  400
425  400
426  400
427  400
428  400
429  400
430  400
431  400
432  400
433  400
434  400
435  400
436  400
437  400
438  400
439  400
440  400
441  400
442  400
443  400
444  400
445  400
446  400
447  400
448  400
449  400
450  400
451  400
452  400
453  400
454  400
455  400
456  400
457  400
458  400
459  400
460  400
461  400
462  400
463  400
464  400
465  400
466  400
467  400
468  400
469  400
470  400
471  400
472  400
473  400
474  400
475  400
476  400
477  400
478  400
479  400
480  400
481  400
482  400
483  400
484  400
485  400
486  400
487  400
488  400
489  400
490  400
491  400
492  400
493  400
494  400
495  400
496  400
497  400
498  400
499  400
500  400
501  400
502  400
503  400
504  400
505  400
506  400
507  400
508  400
509  400
510  400
511  400
512  400
513  400
514  400
515  400
516  400
517  400
518  400
519  400
520  400
521  400
522  400
523  400
524  400
525  400
526  400
527  400
528  400
529  400
530  400
531  400
532  400
533  400
534  400
535  400
536  400
537  400
538  400
539  400
540  400
541  400
542  400
543  400
544  400
545  400
546  400
547  400
548  400
549  400
550  400
551  400
552  400
553  400
554  400
555  400
556  400
557  400
558  400
559  400
560  400
561  400
562  400
563  400
564  400
565  400
566  400
567  400
568  400
569  400
570  400
571  400
572  400
573  400
574  400
575  400
576  400
577  400
578  400
579  400
580  400
581  400
582  400
583  400
584  400
585  400
586  400
587  400
588  400
589  400
590  400
591  400
592  400
593  400
594  400
595  400
596  400
597  400
598  400
599  400
401  50
402  50
403  50
404  50
405  50
406  50
407  50
408  50
409  50
410  50
411  50
412  50
413  50
414  50
415  50
416  50
417  50
418  50
419  50
420  50
421  50
422  50
423  50
424  50
425  50
426  50
427  50
428  50
429  50
430  50
431  50
432  50
433  50
434  50
435  50
436  50
437  50
438  50
439  50
440  50
441  50
442  50
443  50
444  50
445  50
446  50
447  50
448  50
449  50
450  50
451  50
452  50
453  50
454  50
455  50
456  50
457  50
458  50
459  50
460  50
461  50
462  50
463  50
464  50
465  50
466  50
467  50
468  50
469  50
470  50
471  50
472  50
473  50
474  50
475  50
476  50
477  50
478  50
479  50
480  50
481  50
482  50
483  50
484  50
485  50
486  50
487  50
488  50
489  50
490  50
491  50
492  50
493  50
494  50
495  50
496  50
497  50
498  50
499  50
500  50
501  50
502  50
503  50
504  50
505  50
506  50
507  50
508  50
509  50
510  50
511  50
512  50
513  50
514  50
515  50
516  50
517  50
518  50
519  50
520  50
521  50
522  50
523  50
524  50
525  50
526  50
527  50
528  50
529  50
530  50
531  50
532  50
533  50
534  50
535  50
536  50
537  50
538  50
539  50
540  50
541  50
542  50
543  50
544  50
545  50
546  50
547  50
548  50
549  50
550  50
551  50
552  50
553  50
554  50
555  50
556  50
557  50
558  50
559  50
560  50
561  50
562  50
563  50
564  50
565  50
566  50
567  50
568  50
569  50
570  50
571  50
572  50
573  50
574  50
575  50
576  50
577  50
578  50
579  50
580  50
581  50
582  50
583  50
584  50
585  50
586  50
587  50
588  50
589  50
590  50
591  50
592  50
593  50
594  50
595  50
596  50
597  50
598  50
599  50